1 7
13 19
25 31
37 43
49 104
158 205
212 221
244 388
425 578
617 673
760 811
860 904
940 953
959 965
1028 1073
1102 1133
1158 1213
1251 1290
1337 1402
1452 1492
1553 1743
1759 1810
1851 1896
1912 1949
1994 2042
2079 2133
2175 2232
2255 2315
2363 2551
2598 2636
2683 2791
2834 2866
2919 2966
3004 3039
3181 3290
3327 3386
3657 3694
3739 3876
3915 3980
4028 4156
4203 4261
4310 4351
4422 4468
4501 4529
4569 4604
4655 4707
4742 4901
4943 5010
5060 5104
5142 5186
5236 5281
5324 5366
5421 5452
5501 5545
5582 5624
5669 5720
5770 5837
5869 5930
5971 6013
6052 6110
6122 6178
6232 6278
6355 6413
6457 6574
6598 6628
6680 6744
6772 6893
6944 7010
7048 7098
7122 7166
7212 7245
7294 7321
7387 7435
7483 7533
7583 7647
7720 7801
7887 7961
8052 8140
8146 8152
